-1 -1 -1 -1 -1 -1 -1 -1 -1 -1 -1 -1 -1 -1 -1 -1 -1 
-1 -1 -1 -1 -1 -1 -1 -1 -1 -1 -1 -1 -1 -1 -1 -1 -1 
-1 -1 -1 -1 -1 -1 -1 -1 -1 -1 -1 -1 -1 -1 -1 -1 -1 
-1 -1 45 -1 -1 44 -1 -1 -1 -1 -1 -1 -1 -1 -1 -1 -1 
-1 -1 75 76 76 76 77 -1 -1 -1 -1 -1 -1 -1 -1 -1 -1 
-1 -1 -1 -1 -1 -1 -1 -1 -1 -1 -1 -1 -1 -1 -1 -1 -1 
-1 -1 -1 -1 -1 -1 -1 -1 -1 -1 -1 -1 44 -1 -1 -1 -1 
-1 -1 -1 -1 -1 -1 -1 -1 -1 -1 75 76 76 77 -1 -1 -1 
-1 -1 -1 -1 -1 -1 -1 -1 -1 -1 -1 -1 -1 -1 -1 -1 -1 
-1 -1 45 -1 -1 44 -1 44 -1 -1 -1 -1 -1 -1 -1 -1 -1 
0 37 38 39 -1 0 0 0 0 13 14 -1 -1 -1 -1 -1 -1 
20 36 -1 -1 49 21 24 24 17 16 22 0 0 0 0 0 0 
24 24 -1 -1 -1 24 24 24 24 24 24 24 24 24 24 24 24 
16 24 48 -1 -1 24 46 24 24 20 24 24 46 24 24 20 24 
24 24 -1 -1 -1 24 24 24 24 24 24 24 24 24 24 24 24 
